Index of the reads unable to match to the transcriptome (size=139):
[2, 3, 8, 29, 61, 84, 91, 104, 135, 154, 163, 167, 173, 179, 200, 201, 213, 218, 253, 268, 271, 276, 281, 293, 300, 322,
 323, 358, 390, 392, 393, 413, 415, 430, 438, 444, 451, 454, 467, 475, 484, 499, 501, 506, 510, 528, 568, 570, 571, 576,
 609, 618, 625, 641, 648, 650, 657, 659, 707, 710, 719, 729, 745, 753, 760, 779, 786, 827, 836, 856, 898, 905, 907, 920,
 927, 936, 937, 956, 959, 967, 979, 985, 1014, 1015, 1035, 1050, 1062, 1080, 1083, 1085, 1086, 1094, 1100, 1107, 1119,
 1134, 1142, 1150, 1153, 1161, 1181, 1193, 1196, 1212, 1224, 1229, 1232, 1252, 1253, 1266, 1276, 1281, 1320, 1323, 1325,
 1347, 1349, 1361, 1369, 1381, 1388, 1391, 1409, 1427, 1441, 1442, 1446, 1451, 1463, 1471, 1477, 1486, 1517, 1520, 1547,
 1550, 1556, 1567, 1571]

Matches to Unknown Genes:
          8: [(0, 6496171, 22), (22, 6514428, 28)], 2
          84: [(0, 6500926, 27), (27, 6514428, 23)], 3
          91: [(0, 2590477, 50)], 3
          104: [(0, 2559519, 50)], 2
          167: [(0, 6455646, 50)], 5
          173: [(0, 3920513, 50)], 2
          213: [(0, 6462138, 34), (34, 6496027, 16)], 2
          218: [(0, 6496167, 26), (26, 6500749, 24)], 4
          253: [(0, 3941290, 50)], 5
          271: [(0, 6455465, 50)], 4
          276: [(0, 6455594, 50)], 0
          322: [(0, 2573320, 50)], 4
          323: [(0, 3941393, 50)], 1
          390: [(0, 2574410, 50)], 3
          392: [(0, 6514438, 50)], 2
          415: [(0, 6461410, 50)], 2
          430: [(0, 3941311, 50)], 5
          499: [(0, 2564134, 50)], 1
          510: [(0, 6496086, 50)], 4
          528: [(0, 6455479, 50)], 1
          568: [(0, 2580032, 50)], 5
          625: [(0, 3941385, 50)], 2
          657: [(0, 2588594, 44), (44, 2590345, 6)], 4
          707: [(0, 6455505, 50)], 3
          729: [(0, 3923272, 45), (45, 3941234, 5)], 4
          745: [(0, 2558955, 50)], 1
          779: [(0, 3941376, 50)], 2
          786: [(0, 2590402, 50)], 4
          836: [(0, 3941405, 50)], 2
          856: [(0, 6455659, 50)], 1
          927: [(0, 6455617, 50)], 0
          1014: [(0, 6455495, 50)], 2
          1015: [(0, 3920532, 37), (37, 3923215, 13)], 3
          1035: [(0, 6496169, 24), (24, 6500749, 26)], 3
          1083: [(0, 2571829, 46), (46, 2577382, 4)], 2
          1085: [(0, 2564208, 29), (29, 2564397, 21)], 4
          1094: [(0, 6496079, 50)], 2
          1100: [(0, 2569264, 31), (31, 2571805, 19)], 1
          1107: [(0, 3941684, 50)], 5
          1119: [(0, 6455510, 50)], 2
          1134: [(0, 2564214, 23), (23, 2564397, 27)], 1
          1142: [(0, 2564522, 48), (48, 2567349, 2)], 5
          1150: [(0, 6462151, 21), (21, 6496027, 29)], 3
          1181: [(0, 2569223, 50)], 5
          1196: [(0, 2559675, 50)], 1
          1212: [(0, 6455661, 50)], 6
          1229: [(0, 3941398, 50)], 4
          1252: [(0, 2569203, 50)], 3
          1253: [(0, 2590459, 50)], 3
          1276: [(0, 3941724, 50)], 4
          1320: [(0, 3923251, 50)], 2
          1323: [(0, 3941671, 50)], 2
          1325: [(0, 6542240, 50)], 3
          1349: [(0, 6517662, 50)], 3
          1409: [(0, 6455480, 50)], 3
          1441: [(0, 2569284, 11), (11, 2571805, 39)], 3
          1442: [(0, 2579951, 50)], 4
          1446: [(0, 6455547, 50)], 2
          1471: [(0, 6455459, 50)], 5
          1477: [(0, 6455609, 50)], 2
          1517: [(0, 2588562, 50)], 1
          1547: [(0, 3941305, 50)], 3
          1550: [(0, 6455455, 50)], 3
          1567: [(0, 3941757, 50)], 2

